20
70	350 70	350 100	1	0	0
70	350 330 350 5	2	0	0
330 350 350 350 5	3	1	2
350 350 620 350 5	4	2	0
620 350 620 350 100	4	3	0
70	200 70	200 100	6	5	0
70	200 100 200 5	7	5	1
100 200 330 200 5	8	6	0
330 200 350 200 5	9	7	2
350 200 370 200 5	10	8	0
370 200 400 200 5	11	9	1
400 200 400 200 100 11	10	0
470 200 470 200 100 13	12	0
470 200 540 200 5	14	12	0
540 200 580 200 5	15	13	2
580 200 580 200 100	15	14	0
70	50	70	50	100	17	16	0
70	50	540	50	5	18	16	0
540	50	580	50	5	19	17	2
580	50	580	50	100	19	18	0



ini.x	ini.y	fin.x	fin.y	vel	sig	ant	cond